PROTECTED
Type: AncientUrbanView
OffsetX: 0
OffsetY: 0
---------------
daySky: au_sky
//lol, these are generated from seeded random, but this is fine for now...
Building: au_building_6, -1093.07, -993.7269, 4.027851, 1.444968, -0.44963, 0.1
Building: au_building_11, -23.84375, -1015.764, 3.562588, 0.8713087, -0.4150589, 0.1
Building: au_building_2, -3495.18, -1289.458, 3.072153, 1.2942, 0.666193, 0.1
Building: au_building_11, -632.207, -121.5299, 7.189219, 1.058821, -0.003844738, 0.1
Building: au_building_14, 2959.582, -1840.34, 1.345944, 1.081359, 1.386141, 0.1
Building: au_building_12, 2463.428, -779.1871, 4.999222, 1.743913, 0.4332922, 0.1
Building: au_building_4, 387.9316, -569.8173, 4.775991, 1.347679, -0.7833216, 0.1
Building: au_building_8, -4645.725, -1583.916, 1.399231, 1.446573, -0.0784502, 0.1
Building: au_building_10, 6159.988, -1321.43, 2.357577, 1.283821, 0.2461548, 0.1
Building: au_building_9, -5439.088, -1457.407, 2.759842, 1.096621, 0.002681732, 0.1
Building: au_building_7, 1786.818, -717.8609, 4.787969, 1.695811, 0.3729713, 0.1
Building: au_building_7, -3540.553, -1396.822, 2.684064, 1.73902, -1.272276, 0.1
Building: au_building_6, -4125.008, -232.4544, 6.426661, 1.195777, -0.0830617, 0.1
Building: au_building_10, -1429.336, -1228.772, 2.933709, 1.567132, 1.4455, 0.1
Building: au_building_11, -878.8809, -1403.725, 2.328755, 0.8221046, 1.124091, 0.1
Building: au_building_15, 146.7324, -1163.422, 2.993182, 1.465905, -0.6726167, 0.1
Building: au_building_9, -3416.719, -1230.636, 3.544127, 0.8394189, 1.259771, 0.1
Building: au_building_1, 561.0547, -1556.677, 2.408929, 1.673686, 0.9111907, 0.1
Building: au_building_13, 3547.586, -629.1458, 4.688923, 1.407924, 0.8818312, 0.1
Building: au_building_8, 4336.852, -1223.441, 3.079411, 1.285776, -1.204611, 0.1
Building: au_building_13, -841.8027, -913.487, 3.753994, 1.429139, 0.05321741, 0.1
Building: au_building_2, 3042.635, -652.9309, 5.348761, 1.735424, -0.9430957, 0.1
Building: au_building_13, 6336.117, -389.0419, 5.491436, 1.109084, 0.4742002, 0.1
Building: au_building_10, 2720.977, -1244.869, 3.30973, 0.9448905, 0.2929356, 0.1
Building: au_building_7, 1491.951, -1608.435, 1.705812, 1.672807, -0.8815088, 0.1
Building: au_building_2, -2579.338, -1187.731, 2.919517, 1.498944, -0.7858997, 0.1
Building: au_building_13, 3697.178, -244.8098, 6.822072, 0.8664553, 1.359588, 0.1
Building: au_building_3, 4078.918, -1700.838, 1.348634, 1.458458, -0.5704145, 0.1
Building: au_building_1, -2348.695, -1202.387, 3.211217, 1.338125, -1.171939, 0.1
Building: au_building_6, -3841.307, -1062.772, 3.650753, 1.434401, 0.856841, 0.1
Building: au_building_2, 683.2813, -726.5541, 5.19943, 1.310488, -0.1347601, 0.1
Building: au_building_2, 1748.23, -72.50101, 7.189384, 1.439646, 0.3260634, 0.1
Building: au_building_1, -6156.633, -113.4594, 6.718739, 0.8111731, 0.6874198, 0.1
Building: au_building_14, -3632.518, -279.8105, 6.156487, 1.050172, -0.2343554, 0.1
Building: au_building_10, 4235.551, -1095.293, 3.086452, 1.43425, 0.995491, 0.1
Building: au_building_9, -744.6914, -736.4964, 4.767931, 0.868258, 0.9172367, 0.1
Building: au_building_3, 5818.105, -711.8321, 4.897001, 1.427425, 1.025574, 0.1
Building: au_building_0, 1290.199, -684.9708, 4.503901, 0.8820924, -0.2240129, 0.1
Building: au_building_11, -3133.809, -1625.14, 1.775826, 1.164068, 0.4635085, 0.1
Building: au_building_10, -6285.582, -815.7604, 4.550717, 1.45495, -0.377682, 0.1
Building: au_building_7, 3961.398, -625.0286, 5.395996, 1.030444, -0.05065393, 0.1
Building: au_building_0, -3710.676, -1496.962, 2.355648, 1.633839, -0.07232618, 0.1
Building: au_building_0, 3606.494, -1716.537, 1.299324, 1.60198, -0.1096013, 0.1
Building: au_building_7, 3788.928, -1627.575, 1.529635, 1.473651, -0.712754, 0.1
Building: au_building_2, 1307.094, -1923.292, 1.24323, 1.201457, 0.4774564, 0.1
Building: au_building_6, 4737.947, -748.3386, 4.476736, 1.475419, -0.0377872, 0.1
Building: au_building_10, 207.9551, -1546.426, 1.997877, 0.8016808, -0.9075118, 0.1
Building: au_building_11, -1457.768, -1193.971, 3.643764, 0.9777303, 0.9429684, 0.1
Building: au_building_0, -4816.432, 212.9404, 7.425541, 1.246514, -0.7967677, 0.1
Building: au_building_4, 4212.406, 226.6539, 7.780764, 1.370329, -1.467025, 0.1
Building: au_building_13, 401.293, -833.0145, 4.847574, 1.246515, 1.282614, 0.1
Building: au_building_13, -594.4961, -1573.475, 1.744479, 1.524151, 1.081517, 0.1
Building: au_building_10, 6345.652, 153.0376, 7.795612, 1.501429, -1.197907, 0.1
Building: au_building_15, 4259.914, -643.5238, 5.414144, 1.627848, -1.124115, 0.1
Building: au_building_8, -1936.479, -562.2014, 5.368985, 1.34803, -0.6628506, 0.1
Building: au_building_9, 2667.398, -943.8235, 3.727357, 1.270584, 0.1040108, 0.1
Building: au_building_0, -4014.344, -483.4865, 5.364056, 1.056514, -0.1973307, 0.1
Building: au_building_8, 3257.348, -1010.439, 3.717073, 1.573869, 1.163765, 0.1
Building: au_building_1, 2147.277, -671.506, 4.479295, 1.376734, 1.016152, 0.1
Building: au_building_0, 142.5176, -1340.962, 2.448454, 1.403733, -0.5867803, 0.1
Building: au_building_3, -1013.482, -713.212, 4.894132, 1.303693, -0.2696431, 0.1
Building: au_building_7, -4245.93, -571.0837, 5.618022, 0.7884309, -0.2009907, 0.1
Building: au_building_4, -708.1152, -1544.193, 2.188915, 0.9562541, 0.6119041, 0.1
Building: au_building_14, 3973.309, -861.8332, 4.254312, 0.8035442, -0.8623757, 0.1
Building: au_building_8, -5814.447, -609.1273, 4.94392, 0.9911089, -0.7797117, 0.1
Building: au_building_9, -350.0488, -401.8023, 5.386145, 1.581576, -1.125011, 0.1
Building: au_building_8, 4136.086, -1251.471, 2.893342, 1.628597, 1.164406, 0.1
Building: au_building_10, -3093.02, -546.3425, 4.95582, 1.378663, -0.5521054, 0.1
Building: au_building_5, -5338.816, -171.9077, 6.23217, 1.522512, -0.9660437, 0.1
Building: au_building_3, -4717.471, -1527.638, 1.697524, 1.60932, -1.124273, 0.1
Building: au_building_8, 6331.404, -7.957289, 7.362676, 1.453466, 0.8876895, 0.1
Building: au_building_15, -2234.361, -1105.411, 3.795352, 0.9316015, 1.354107, 0.1
Building: au_building_1, 6372.656, 76.05356, 7.03206, 1.486488, -0.8927217, 0.1
Building: au_building_2, 1165.424, -548.6603, 5.567492, 0.9555781, -1.03062, 0.1
Building: au_building_14, 1984.818, -1124.821, 3.180534, 1.159463, -0.8831556, 0.1
Building: au_building_12, -4759.213, 186.261, 7.811014, 1.229967, 1.010742, 0.1
Building: au_building_12, 5555.281, -668.5706, 4.950176, 1.492975, 0.2131495, 0.1
Building: au_building_8, 5209.629, -1.728579, 6.948538, 0.7932644, 0.7443652, 0.1
Building: au_building_11, -2935.865, 29.74307, 7.72421, 1.586215, -1.404804, 0.1
Building: au_building_11, -2334.629, -794.4825, 4.09577, 0.8844655, 0.9132675, 0.1
Building: au_building_9, 3775.297, -1621.035, 2.213353, 1.246967, -1.156943, 0.1
Building: au_building_3, -334.6719, -135.8707, 6.881698, 0.758894, 1.087114, 0.1
Building: au_building_4, 6103.467, -613.4851, 4.678917, 1.37785, -0.3966339, 0.1
Building: au_building_14, 2908.072, -790.7156, 4.657024, 1.261178, -0.467191, 0.1
Building: au_building_9, -3689.734, -1512.235, 2.329615, 1.179337, 1.342924, 0.1
Building: au_building_2, -339.8262, -451.2381, 5.22263, 0.8287455, 0.5586326, 0.1
Building: au_building_7, -3345.457, 157.7457, 7.329041, 0.979962, -0.1970139, 0.1
Building: au_building_12, 3707.641, -248.6325, 6.762561, 1.401937, 1.34418, 0.1
Building: au_building_7, -1178.359, 145.4409, 7.350461, 1.555575, -0.3866353, 0.1
Building: au_building_14, -5031.446, -1271.856, 3.111432, 1.311074, -0.6252155, 0.1
Building: au_building_9, 4516.105, -1321.412, 2.836475, 1.640206, -0.5467138, 0.1
Building: au_building_2, -2887.361, -221.1855, 6.549075, 1.171922, -0.5121472, 0.1
Building: au_building_6, 4812.406, -1086.927, 3.932435, 1.349119, 0.1979058, 0.1
Building: au_building_4, 1658.328, -1200.029, 3.040356, 1.56795, -0.6319938, 0.1
Building: au_building_7, 3207.979, -765.5969, 4.927235, 1.505164, -1.313731, 0.1
Building: au_building_1, 169.3223, -1302.777, 2.878427, 1.324514, 0.6775693, 0.1
Building: au_building_8, 2589.119, -974.1591, 3.515563, 1.479692, -0.05193734, 0.1
Building: au_building_10, -1587.252, -168.9743, 6.711912, 1.334007, -0.6822543, 0.1
Building: au_building_5, -2766.879, -1135.408, 3.717499, 1.067869, 1.389248, 0.1
Building: au_building_11, 971.9922, -1564.369, 1.83565, 1.189518, 0.1097929, 0.1
Building: au_building_11, -1163.992, 283.3347, 7.776559, 1.275528, 0.740654, 0.1
Building: au_building_13, -3529.057, -135.2847, 6.22762, 1.484123, -0.09503126, 0.1
Building: au_building_11, 3798.818, -239.7881, 6.750118, 1.709298, 0.5792469, 0.1
Building: au_building_15, -4580.933, -180.7093, 6.453141, 1.203748, 1.453779, 0.1
Building: au_building_10, 4663.08, -1606.848, 1.699164, 1.729123, -0.9675189, 0.1
Building: au_building_9, 3183.438, -1034.684, 3.993621, 1.117465, -0.02317762, 0.1
Building: au_building_9, 1021.764, 34.74075, 6.791406, 1.254479, -0.2236803, 0.1
Building: au_building_7, 3314.502, -1089.181, 3.099258, 1.460732, 0.4713102, 0.1
Building: au_building_5, -4834.437, 48.81826, 6.905944, 1.401102, -1.113527, 0.1
Building: au_building_12, 1608.422, -268.7047, 6.133564, 1.462837, -0.4183729, 0.1
Building: au_building_6, 3212.602, -558.6699, 4.946919, 1.26083, -0.8242368, 0.1
Building: au_building_12, 27.29688, -55.22218, 7.005172, 1.482374, -0.9985324, 0.1
Building: au_building_14, 1480.648, -1321.523, 3.232162, 1.563356, 1.226616, 0.1
Building: au_building_14, 2514.826, -1181.177, 3.701092, 1.670184, -0.2319162, 0.1
Building: au_building_11, -5163.755, -569.0765, 5.433363, 1.140713, -0.4062676, 0.1
Building: au_building_5, -3925.828, -1644.043, 1.601189, 1.54381, 0.9518051, 0.1
Building: au_building_1, -1439.563, 264.3854, 7.613896, 1.55475, 1.200929, 0.1
Building: au_building_13, 4559.391, -1492.906, 2.016034, 1.140675, 0.8897713, 0.1
Building: au_building_15, -1193.105, -703.4464, 4.868935, 1.406527, 1.147764, 0.1
Building: au_building_14, 5928.293, -683.4495, 4.849964, 1.697202, -1.255185, 0.1
Building: au_building_10, 5444.125, -1485.002, 2.122492, 1.477609, 1.284504, 0.1
Building: au_building_5, -1925.197, -672.7766, 4.527829, 1.251067, 1.08539, 0.1
Building: au_building_8, 2170.014, -229.9492, 6.837406, 0.854175, -0.8297696, 0.1
Building: au_building_2, -788.8984, -1241.908, 2.655111, 1.311677, 0.545978, 0.1
Building: au_building_8, 2951.209, -622.3099, 5.117294, 1.411938, 0.6773178, 0.1
Building: au_building_9, 1476.141, -1001.849, 3.524796, 1.108908, -0.9339119, 0.1
Building: au_building_0, 2139.033, -1485.84, 1.848498, 0.9315741, -1.126002, 0.1
Building: au_building_15, -3521.598, -845.4661, 4.554758, 1.577602, 0.03336287, 0.1
Building: au_building_7, 5568.021, 84.81118, 7.254793, 1.514772, 0.4088655, 0.1
Building: au_building_14, -3388.352, -1223.749, 3.252976, 1.465561, -1.040314, 0.1
Building: au_building_6, 21.88672, -1145.49, 3.608186, 0.8719985, -1.405533, 0.1
Building: au_building_8, 1386.207, -382.269, 5.498037, 1.22012, 1.35328, 0.1
Building: au_building_0, -1974.063, -708.7746, 5.293163, 0.7604648, 0.5801138, 0.1
Building: au_building_0, 1934.895, -1371.93, 2.662282, 1.154438, 0.657669, 0.1
Building: au_building_0, 1282.889, -62.02854, 7.101994, 0.9998112, 0.8521237, 0.1
Building: au_building_0, 5824.07, -1541.636, 2.024086, 1.634171, -0.6285293, 0.1
Building: au_building_3, -1380.438, -468.8647, 5.162652, 1.591297, -0.03175974, 0.1
Building: au_building_5, -1886.242, -429.2437, 5.743417, 1.015057, 0.7816991, 0.1
Building: au_building_4, 6137.037, -1720.601, 1.64325, 1.72411, 0.7737082, 0.1
Building: au_building_8, -5488.113, -148.458, 6.58779, 1.646249, -1.21161, 0.1
Building: au_building_1, 1647.184, -400.9358, 5.778786, 1.205494, -1.399419, 0.1
Building: au_building_7, -2247.074, -1235.74, 3.412415, 1.600986, -1.499809, 0.1
Building: au_building_14, -1829.283, -178.5951, 6.12839, 1.593028, 1.241681, 0.1
Building: au_building_6, 5340.531, -965.2231, 4.309091, 1.61981, -0.3661933, 0.1
Building: au_building_7, -3883.045, -843.0297, 4.658508, 1.328232, -0.6487167, 0.1
Building: au_building_8, -5814.459, 181.8593, 7.836771, 1.273172, -1.035997, 0.1
Building: au_building_10, -5197.996, 16.54634, 7.116328, 0.9819982, -1.168573, 0.1
Building: au_building_3, -4818.993, -223.7084, 6.680369, 1.708489, -0.2775619, 0.1
Building: au_building_10, 6005.656, -1474.439, 1.872279, 1.162297, 1.465407, 0.1
Building: au_building_13, -6323.938, -469.6076, 5.536579, 1.331961, 0.3819297, 0.1
Building: au_building_6, 4134.494, -1551.283, 2.392012, 1.513565, 1.042773, 0.1
Building: au_building_13, -5925.593, -3.834845, 7.240341, 0.8792609, 1.47654, 0.1
Building: au_building_15, 106.4023, -613.0695, 5.504867, 0.8665693, 0.9914017, 0.1
Building: au_building_2, 6321.988, -888.1346, 4.648229, 1.570737, -1.446884, 0.1
Building: au_building_12, -6052.478, -162.6216, 6.899705, 1.482642, 1.069598, 0.1
Building: au_building_14, -2.789063, -1420.145, 2.465267, 1.030666, -0.241173, 0.1
Building: au_building_11, -4221.793, -54.01382, 6.97693, 1.022309, 0.8719854, 0.1
Building: au_building_3, -2522.184, -760.7533, 4.75861, 1.728488, -1.283762, 0.1
Building: au_building_9, 3133.455, -964.1818, 3.867905, 0.9258136, -0.3397567, 0.1
Building: au_building_6, -6364.683, -991.6953, 4.253681, 0.7907987, -0.9263038, 0.1
Building: au_building_0, -4466.257, -935.3126, 4.441292, 0.8259073, 0.9929656, 0.1
Building: au_building_14, 3520.953, 137.5852, 7.562179, 0.9254993, 0.6856284, 0.1
Building: au_building_13, -3942.863, -867.256, 4.237174, 1.581716, -0.7901073, 0.1
Building: au_building_9, -2834.582, -468.7872, 5.945282, 1.030243, 0.766968, 0.1
Building: au_building_12, -5202.82, -488.3171, 5.256341, 0.94607, 0.186142, 0.1
Building: au_building_11, 382.2891, -696.3845, 4.872633, 1.087258, -1.0087, 0.1
Building: au_building_14, -5306.065, -1507.699, 1.768758, 1.116929, 0.1695487, 0.1
Building: au_building_2, -2403.418, -428.4983, 5.933038, 1.67002, 0.4983293, 0.1
Building: au_building_4, 5913.16, -1383.985, 2.18923, 1.192447, -1.199945, 0.1
Building: au_building_3, -2578.313, -566.3625, 5.616412, 0.7920506, 0.05229974, 0.1
Building: au_building_3, 3475.406, -1472.129, 2.149835, 1.382394, 0.8259948, 0.1
Building: au_building_2, 4298.547, -1305.631, 3.132423, 1.356675, -0.3090179, 0.1
Building: au_building_13, 5158.34, 149.085, 7.31864, 0.9321179, -1.449059, 0.1
Building: au_building_15, 1484.9, -1895.401, 1.262579, 1.134255, 0.07956696, 0.1
Building: au_building_5, 356.1758, -1228.665, 3.272121, 0.8255076, -0.7670102, 0.1
Building: au_building_7, -6231.492, -727.9908, 5.08261, 1.17513, 0.01453352, 0.1
Building: au_building_15, -6156.754, -562.0804, 5.391986, 1.38277, -0.3023026, 0.1
Building: au_building_8, -2488.744, -1398.847, 2.012052, 0.7691795, 0.4666035, 0.1
Building: au_building_2, -697.2988, -1816.906, 1.448766, 1.71017, 0.2340534, 0.1
Building: au_building_6, 262.0391, -742.403, 5.078438, 0.9998199, -0.8670869, 0.1
Building: au_building_5, 4646.445, -445.1728, 5.512453, 1.027658, 1.092582, 0.1
Building: au_building_14, -3167.178, -892.738, 3.977803, 0.9894463, 0.2644396, 0.1
Building: au_building_0, -990.9453, -1390.023, 2.667213, 1.621197, 1.238334, 0.1
Building: au_building_15, 5856.918, -1326.392, 3.180207, 1.534479, 0.5681415, 0.1
Building: au_building_9, -2892.268, 69.74317, 7.155376, 0.7676238, -0.06085634, 0.1
Building: au_building_1, -4514.312, 159.6506, 7.908364, 1.658564, 0.3042679, 0.1
Building: au_building_5, -1934.361, -438.6644, 5.464573, 0.7923841, -0.6143005, 0.1
Building: au_building_7, 801.6211, -828.9381, 4.527001, 1.311182, -0.9411954, 0.1
Building: au_building_10, 1356.156, -1093.59, 3.596498, 0.9736772, -1.331196, 0.1
Building: au_building_2, -1911.932, -75.83279, 6.62716, 0.8787664, -0.1142995, 0.1
Building: au_building_8, 2763.08, -1116.206, 3.853564, 1.257143, 0.806366, 0.1
Building: au_building_11, 518.707, -1502.151, 1.835555, 0.787376, 0.3146293, 0.1
Building: au_building_14, -5458.498, -1423.944, 2.649229, 0.9188702, 1.2901, 0.1
Building: au_building_8, 6274.004, -35.74387, 6.957729, 0.9158058, -0.9610054, 0.1
Building: au_building_3, -3459.73, -1492.108, 2.556126, 0.9909617, -0.6318572, 0.1
Building: au_building_12, -5782.499, 312.4789, 7.709509, 1.012075, -0.8832057, 0.1
Building: au_building_14, -1530.211, 37.3609, 7.702573, 1.63715, 1.414574, 0.1
Building: au_building_11, -2759.707, -299.0128, 6.628004, 1.124083, 1.059796, 0.1
Building: au_building_12, 729.0859, -544.3333, 5.068467, 0.8620914, 1.059019, 0.1
Building: au_building_4, -3491.449, -710.8002, 5.046993, 1.343028, -0.8977196, 0.1
Building: au_building_13, -3662.762, -810.3143, 4.800306, 0.7716334, -1.277648, 0.1
Building: au_building_14, 4554.111, -749.5709, 4.956076, 1.346092, -1.040968, 0.1
Building: au_building_1, 6469.301, 152.8982, 7.341672, 0.9890509, 0.1788981, 0.1
Building: au_building_13, -215.0195, -1327.625, 3.163617, 1.661655, 1.027459, 0.1
Building: au_building_15, 1629.779, -169.2688, 7.012232, 1.231276, 0.5713727, 0.1
Building: au_building_11, 5251.918, -1213.156, 3.064868, 0.9815567, 0.1672738, 0.1
Building: au_building_13, 801.6523, -1113.393, 3.940643, 0.9411532, -0.5540104, 0.1
Building: au_building_0, -3426.367, -1434.048, 2.732583, 0.8362391, 0.9800627, 0.1
Building: au_building_8, 3529.381, -641.3077, 5.001395, 1.333768, -0.4644318, 0.1
Building: au_building_6, -4437.74, -796.0796, 4.195456, 1.452017, 1.387485, 0.1
Building: au_building_3, -6308.482, 130.0376, 7.919366, 1.081473, 0.07913899, 0.1
Building: au_building_12, 1528.621, -1446.085, 2.345578, 1.701995, -1.149745, 0.1
Building: au_building_8, -6176.795, 321.2916, 7.882791, 1.153914, -1.112803, 0.1
Building: au_building_8, -3779.678, -581.7166, 5.022266, 1.613402, -0.06780887, 0.1
Building: au_building_14, -316.0605, -718.603, 4.606647, 1.702206, -1.006064, 0.1
Building: au_building_2, -5008.981, 73.32053, 7.846526, 1.300467, 0.6665911, 0.1
Building: au_building_13, -4892.514, -113.4981, 6.469114, 1.72835, -0.8038821, 0.1
Building: au_building_1, -4404.238, -579.0259, 5.632998, 1.541381, 0.6330074, 0.1
Building: au_building_11, 105.2598, -1656.351, 1.568602, 1.079814, 0.5326499, 0.1
Building: au_building_8, 5176.813, -1221.55, 2.966464, 1.427051, -0.04403925, 0.1
Building: au_building_2, 3105.377, -202.179, 6.559173, 1.153757, 1.473284, 0.1
Building: au_building_13, -6330.956, -1561.491, 1.490828, 1.287918, 0.5737945, 0.1
Building: au_building_12, -2997.602, -1652.022, 2.150217, 1.434597, -1.382511, 0.1
Building: au_building_10, -1609.928, -565.9424, 5.293084, 1.334435, 1.254276, 0.1
Building: au_building_10, -3340.137, -1507.626, 1.748543, 1.282441, -1.063102, 0.1
Building: au_building_13, -507.0625, -542.0347, 5.711013, 0.9839734, 0.4758775, 0.1
Building: au_building_15, -5012.753, -272.5765, 6.274287, 1.367729, -0.7795172, 0.1
Building: au_building_12, -471.5273, -1448.162, 2.816379, 1.460977, -1.451443, 0.1
Building: au_building_12, -426.1055, -928.5339, 3.635821, 1.661216, 0.7768685, 0.1
Building: au_building_7, 541.582, -1243.334, 2.629858, 0.8850452, 0.8563184, 0.1
Building: au_building_2, -86.62109, -1102.84, 3.147241, 1.109656, 0.9701293, 0.1
Building: au_building_5, 5739.488, 79.51434, 7.46349, 1.08593, -1.001174, 0.1
Building: au_building_2, -4337.41, -921.9573, 4.199231, 1.660639, -0.599848, 0.1
Building: au_building_14, 6092.051, -4.941248, 7.439293, 1.413929, -0.5615664, 0.1
Building: au_building_7, 6473.605, 326.2679, 7.857205, 0.9553378, 0.1565392, 0.1
Building: au_building_10, 2069.455, -1152.841, 2.863292, 1.478352, 1.429448, 0.1
Building: au_building_7, 4004.619, -401.5718, 5.74316, 0.9155974, 0.8697388, 0.1
Building: au_building_10, 443.5313, 76.59145, 7.585398, 1.237054, -0.9631076, 0.1
Building: au_building_8, 1135.553, -1649.449, 1.741376, 0.9505357, 0.5127668, 0.1
Building: au_building_3, -5635.6, -213.8606, 6.673656, 1.00647, 1.038668, 0.1
Building: au_building_6, -3004.34, -25.95583, 7.251144, 0.8284839, -0.1368797, 0.1
Building: au_building_4, 5074.332, 47.58125, 7.484259, 0.9261006, -0.652941, 0.1
Building: au_building_5, -5678.742, -1410.58, 2.121348, 1.301434, 0.4836494, 0.1
Building: au_building_4, 3264.152, -1477.088, 1.842886, 1.056686, 0.3266957, 0.1
Building: au_building_12, 1873.891, -1453.793, 1.856637, 1.044246, -0.1210566, 0.1
Building: au_building_13, -5654.011, 41.36834, 6.90703, 1.632094, 1.412421, 0.1
Building: au_building_11, 3085.523, 107.4047, 7.948755, 1.00346, -0.5131397, 0.1
Building: au_building_10, -2291.77, -1419.089, 2.551236, 1.249238, 0.8319024, 0.1
Building: au_building_12, 858.8105, -473.0547, 5.395152, 1.095239, -0.2358618, 0.1
Building: au_building_5, -4586.469, -210.8105, 6.136273, 0.8246841, 0.5115504, 0.1
Building: au_building_1, 1394.961, -425.7607, 5.381966, 0.8140433, 0.2670538, 0.1
Building: au_building_15, -523.8281, -807.8942, 4.830041, 1.276802, -1.284659, 0.1
Building: au_building_2, -3024.508, -885.8734, 3.766789, 1.12984, 0.5235693, 0.1
Building: au_building_8, 2044.725, -1221.342, 3.370091, 1.47027, -0.6465299, 0.1
Building: au_building_6, -4526.402, -1548.201, 1.658277, 0.9784764, 0.7102389, 0.1
Building: au_building_15, -5400.113, -526.6537, 5.738134, 1.231693, 1.415134, 0.1
Building: au_building_5, -221.4766, -779.0203, 4.493594, 0.8615302, 0.6864159, 0.1
Building: au_building_6, 3124.49, 166.3521, 7.429815, 1.124071, -0.002545834, 0.1
Building: au_building_13, -4189.176, -1490.493, 1.914701, 1.358081, -1.263857, 0.1
Building: au_building_5, -4601.845, -1665.274, 1.703185, 1.508734, 1.372791, 0.1
Building: au_building_6, 732.4512, -649.1975, 5.422239, 1.095792, 1.437798, 0.1
Building: au_building_5, -2936.771, -735.5637, 4.346574, 0.9488629, -0.720551, 0.1
Building: au_building_2, -6313.898, -320.797, 6.509652, 1.517082, 0.6182188, 0.1
Building: au_building_11, 4550.477, 84.53378, 7.00567, 1.303193, -0.5244272, 0.1
Building: au_building_11, 4446.617, -73.13132, 7.017358, 1.660341, 0.2057121, 0.1
Building: au_building_10, -1431.426, -1689.429, 2.000321, 1.745685, -0.9740134, 0.1
Building: au_building_2, -2416.391, -148.2398, 6.806783, 1.356868, -0.4767492, 0.1
Building: au_building_7, 3497.316, -845.7054, 4.576124, 0.8148543, 0.1344192, 0.1
Building: au_building_2, -1907.871, -285.4852, 6.291831, 1.576707, -1.110391, 0.1
Building: au_building_5, -1933.973, -993.4557, 4.182467, 1.450536, -0.7079492, 0.1
Building: au_building_7, 395.8027, -1476.507, 2.120534, 1.342486, -0.5733399, 0.1
Building: au_building_8, 467.1621, -208.2307, 6.926304, 1.452009, 1.01071, 0.1
Building: au_building_12, -3673.758, -640.2029, 4.571282, 1.391604, 1.044763, 0.1
Building: au_building_9, -1122.652, -797.828, 4.284218, 0.8711091, -0.9712987, 0.1
Building: au_building_14, 6186.891, -505.3873, 5.466747, 0.8102713, 1.074712, 0.1
Building: au_building_1, -291.2734, -1307.742, 2.660019, 0.8041626, -0.5027974, 0.1
Building: au_building_4, 1150.725, -723.1207, 5.141385, 1.150613, 1.17586, 0.1
Building: au_building_14, -4559.692, 49.04221, 6.872987, 0.7944969, 0.6766734, 0.1
Building: au_building_5, -2524.949, -1048.911, 4.107102, 1.248784, -0.4158914, 0.1
Building: au_building_11, -1411.961, 282.8375, 7.664188, 0.9830122, -0.02684736, 0.1
Building: au_building_9, 5267.6, -1668.291, 1.614625, 1.470709, -1.306777, 0.1
Building: au_building_13, -5436.01, -1659.838, 1.450102, 0.8384488, 0.5088633, 0.1
Building: au_building_10, -4578.894, -459.5531, 5.971399, 1.204183, 1.43957, 0.1
Building: au_building_7, 6132.197, -1473.795, 2.546271, 0.9037256, 0.5724699, 0.1
Building: au_building_8, 3108.711, -960.1949, 4.144872, 1.514034, 1.235904, 0.1
Building: au_building_12, 243.0273, -1324.586, 2.920488, 1.126633, -1.07301, 0.1
Building: au_building_10, 4859.049, -662.1105, 4.553975, 1.341605, 1.204315, 0.1
Building: au_building_14, 2382.578, -123.7928, 6.989352, 0.9295493, -1.461955, 0.1
Building: au_building_12, 4700.609, -1534.657, 1.995096, 1.468823, -0.9708745, 0.1
Building: au_building_7, -710.043, 182.6644, 7.86149, 1.684634, -1.0663, 0.1
Building: au_building_10, -5277.474, -980.8066, 4.354164, 1.642119, 0.6386771, 0.1
Building: au_building_15, -2987.662, -960.1217, 4.369853, 1.681822, 0.451705, 0.1
Building: au_building_9, 3365.256, -194.6014, 6.671487, 1.578387, 1.494612, 0.1
Building: au_building_7, 3228.348, -1189.035, 2.81826, 0.9593763, 1.320038, 0.1
Building: au_building_12, 5880.469, -853.1533, 4.260233, 1.26713, -0.6275444, 0.1
Building: au_building_15, 1383.176, -1464.95, 2.353376, 0.8736981, 0.49065, 0.1
Building: au_building_14, -1090.703, -1504.02, 2.168459, 1.52125, -1.17715, 0.1
Building: au_building_7, 443.8145, 45.76448, 7.723107, 0.7954388, 0.2411494, 0.1
Building: au_building_12, -5031.622, 65.36307, 7.706922, 1.531234, -0.5251539, 0.1
Building: au_building_1, 4017.555, -93.34581, 6.955837, 0.9138497, 1.154898, 0.1
Building: au_building_10, 1557.904, -1449.369, 2.489114, 0.806396, -0.0341444, 0.1
Building: au_building_6, 3834.961, -432.4338, 5.797623, 1.700628, 0.5439401, 0.1
Building: au_building_0, 1189.156, -1476.417, 2.32895, 1.557068, 0.5302956, 0.1
Building: au_building_3, 4072.949, -297.4477, 6.458584, 1.228189, -0.2180152, 0.1
Building: au_building_10, 497.2715, -969.0845, 3.919528, 1.112148, -0.792994, 0.1
Building: au_building_14, -3178.832, -155.2957, 6.703938, 1.648739, -1.392827, 0.1
Building: au_building_1, -4770.768, -1526.076, 2.261194, 1.149836, 1.34265, 0.1
Building: au_building_5, -97.33984, -615.5395, 5.014674, 0.9510435, -1.371345, 0.1
Building: au_building_6, -5967.054, -1289.881, 2.374353, 0.7796538, 0.1711352, 0.1
Building: au_building_2, -5809.446, -182.2699, 6.646016, 1.232649, -0.8084149, 0.1
Building: au_building_2, -3296.148, -154.0548, 6.726069, 1.687033, 0.3367965, 0.1
Building: au_building_2, 790.6094, -1040.85, 3.819404, 1.098568, 0.3933198, 0.1
Building: au_building_2, 149.8652, 121.3933, 7.52728, 0.8192294, -0.5712042, 0.1
Building: au_building_15, 3196.609, -860.0428, 4.020423, 0.9555604, 0.7353057, 0.1
Building: au_building_15, 2797.771, 182.1334, 7.74367, 1.227547, 1.167212, 0.1
Building: au_building_9, 1652.457, -1133.442, 3.709336, 1.739429, 1.023605, 0.1
Building: au_building_5, -5921.046, -1391.434, 2.9416, 0.9645214, -1.316881, 0.1
Building: au_building_6, 3118.531, -1067.012, 3.634034, 1.543175, 1.363693, 0.1
Building: au_building_13, -3708.803, -778.7738, 4.338523, 1.426128, -0.3281484, 0.1
Building: au_building_15, -5174.573, -1115.756, 3.011676, 1.408918, 0.2467744, 0.1
Building: au_building_8, -39.23047, -1257.138, 3.44199, 0.8787534, 0.6178049, 0.1
Building: au_building_7, -4233.766, -751.1356, 4.740295, 1.248358, -1.242655, 0.1
Building: au_building_7, 6287.902, -717.1281, 4.711511, 0.9891928, 0.9328579, 0.1
Building: au_building_10, 1253.164, -314.9437, 6.239135, 1.309357, 0.2889071, 0.1
Building: au_building_11, 6413.43, -1180.348, 3.469809, 1.231855, -0.5836933, 0.1
Building: au_building_8, -3035.996, -714.4395, 4.63593, 1.342879, -0.02815771, 0.1
Building: au_building_12, 4612.352, -1594.336, 2.262989, 1.044815, 0.9205005, 0.1
Building: au_building_7, 6366.145, -320.5791, 5.869619, 0.8451351, -0.1808906, 0.1
Building: au_building_3, 3984.373, -622.8032, 5.239264, 1.247382, 0.7650668, 0.1
Building: au_building_8, -2981.947, -1650.083, 1.907116, 1.615492, 0.1067631, 0.1
Building: au_building_14, 3589.09, 167.458, 7.906839, 1.083337, -0.8174719, 0.1
Building: au_building_3, 939.668, -580.0509, 5.135778, 1.103787, 0.9162593, 0.1
Building: au_building_10, 3816.74, -714.6973, 4.897117, 1.385215, 0.1950777, 0.1
Building: au_building_2, 6438.801, -789.9115, 4.340419, 0.8218729, -1.326863, 0.1
Building: au_building_7, -1490.342, -267.0355, 6.644598, 1.534983, -0.8829446, 0.1
Building: au_building_5, -5397.066, 158.011, 7.994839, 0.9940864, 0.9980407, 0.1
Building: au_building_12, 2478.695, -1198.468, 2.871843, 1.652591, 0.3677897, 0.1
Building: au_building_8, 5947.719, -64.89303, 7.291362, 1.716806, 0.03579235, 0.1
Building: au_building_6, 1085.66, -1529.125, 1.99174, 1.538068, -1.443962, 0.1
Building: au_building_7, -61.83594, -821.9204, 4.066607, 1.003865, -0.9023266, 0.1
Building: au_building_0, 1697.121, 15.29129, 6.965758, 0.9949337, 1.342949, 0.1
Building: au_building_14, -1526.307, -1640.826, 1.880825, 1.582493, -1.025806, 0.1
Building: au_building_14, 4720.936, -838.1987, 4.404738, 0.8809038, 0.03177261, 0.1
Building: au_building_2, 2507.674, -295.4904, 6.034972, 1.472083, -0.4198506, 0.1
Building: au_building_2, -1764.193, -1013.195, 3.573479, 1.688854, 1.021513, 0.1
Building: au_building_5, 4891.148, -209.5155, 6.335419, 1.059072, -0.7145593, 0.1
Building: au_building_8, -3644.91, 346.3513, 7.890715, 1.457136, 0.1133306, 0.1
Building: au_building_3, 722.8965, -59.06754, 7.418277, 1.737485, -0.3883476, 0.1
Building: au_building_15, -4087.436, 242.4467, 7.632095, 0.853207, 1.190135, 0.1
Building: au_building_3, -616.6719, -612.525, 4.933773, 0.9731443, 1.110634, 0.1
Building: au_building_10, -3937.693, -176.9499, 6.607055, 1.11834, 0.5260738, 0.1
Building: au_building_1, -641.1719, -788.6522, 4.489663, 1.439842, 0.6557214, 0.1
Building: au_building_15, -316.1836, -1656.46, 1.748062, 1.637363, -0.1306632, 0.1
Building: au_building_15, -5399.695, -866.5951, 4.404003, 1.118196, -0.4599907, 0.1
Building: au_building_13, 6127.957, -1683.361, 1.629215, 0.9513406, 0.3411303, 0.1
Building: au_building_15, -4686.595, -1276.402, 3.075611, 0.8144248, 0.7506498, 0.1
Building: au_building_14, 5712.088, -693.493, 5.031547, 1.641917, 0.266547, 0.1
Building: au_building_0, 2424.506, -417.1575, 6.027348, 0.8548317, -0.3534195, 0.1
Building: au_building_6, 1940.637, -475.7886, 5.829383, 1.239895, -0.9965236, 0.1
Building: au_building_13, 6295.525, -36.64944, 7.429956, 0.8053956, -0.1232331, 0.1
Building: au_building_15, 601.375, -982.9984, 3.445004, 1.308541, -1.132014, 0.1
Building: au_building_0, -3597.18, -240.9189, 6.368039, 1.21513, -0.4075472, 0.1
Building: au_building_4, -2684.723, -794.4232, 4.807386, 1.526824, 1.091058, 0.1
Building: au_building_0, 316.6016, -1163.044, 3.186941, 0.9016403, 1.392308, 0.1
Building: au_building_3, -4426.059, -114.0093, 6.717957, 1.347436, 0.2041173, 0.1
Building: au_building_5, 1442.947, -70.64461, 7.266885, 1.624312, -0.1444664, 0.1
Building: au_building_7, -553.5684, -1253.413, 3.454575, 0.7631353, -0.8876059, 0.1
Building: au_building_3, -1491.746, -2.304972, 6.894335, 1.319781, 0.9583664, 0.1
Building: au_building_13, -3215.578, -794.3216, 4.537571, 0.9136977, -1.276745, 0.1
Building: au_building_11, 5178.797, -1434.963, 2.50604, 1.668188, -0.423785, 0.1
Building: au_building_2, -1527.818, -721.7601, 4.809269, 1.457179, -0.4034097, 0.1
Building: au_building_14, -1051.266, -1089.208, 3.193131, 1.220271, 1.191381, 0.1
Building: au_building_1, 218.4766, -1412.274, 2.199847, 1.029194, -0.8085966, 0.1
Building: au_building_7, 417.293, -571.6726, 5.155619, 1.17722, -1.182797, 0.1
Building: au_building_13, -4774.053, -154.1934, 6.420956, 0.9735377, -1.369107, 0.1
Building: au_building_3, -2694.34, -1862.603, 1.269941, 0.8565323, 1.309911, 0.1
Building: au_building_7, -2709.887, -522.5786, 5.78676, 1.007164, 0.9454436, 0.1
Building: au_building_15, 1576.973, -209.0299, 6.177961, 1.195078, -1.382606, 0.1
Building: au_building_10, 4595.375, -145.0619, 6.246705, 1.409672, -0.6778119, 0.1
Building: au_building_6, 2899.178, -125.2569, 6.602408, 1.49248, -1.448419, 0.1
Building: au_building_11, -4531.444, -38.16352, 6.571354, 0.9292963, 0.6388478, 0.1
Building: au_building_4, 2922.67, -1441.615, 2.671043, 1.215953, 0.9945216, 0.1
Building: au_building_10, -4059.324, -176.422, 6.810023, 1.37591, 0.8874511, 0.1
Building: au_building_9, -300.7852, -272.0432, 6.200097, 1.013697, 0.7396483, 0.1
Building: au_building_15, 3572.039, -995.1228, 4.031193, 1.058696, -0.4739051, 0.1
Building: au_building_8, 4683.457, -1570.04, 1.663975, 1.194268, -0.1453066, 0.1
Building: au_building_9, 2548.873, -1373.881, 2.924846, 1.371589, -0.7664241, 0.1
Building: au_building_8, -4106.461, -1190.144, 3.418324, 1.635343, 0.6388707, 0.1
Building: au_building_13, -1031.777, -246.19, 6.54723, 1.006473, -0.626523, 0.1
Building: au_building_15, -2658.916, -1288.684, 2.615502, 1.356264, 0.2763171, 0.1
Building: au_building_6, 5399.25, -579.2703, 5.014845, 1.453708, 0.02191234, 0.1
Building: au_building_7, -2966.008, 175.6028, 7.912601, 0.9324195, 0.7801261, 0.1
Building: au_building_2, -878.123, -619.8975, 5.225968, 1.42446, 0.5461702, 0.1
Building: au_building_9, -3208.605, -727.1995, 4.974946, 1.370591, 1.178136, 0.1
Building: au_building_6, -4299.641, -702.105, 5.147401, 0.970291, 1.284521, 0.1
Building: au_building_5, -6212.797, -540.2693, 5.587773, 1.609807, -0.06573033, 0.1
Building: au_building_8, -3535.316, -358.0965, 6.211498, 0.8718079, -0.1246338, 0.1
Building: au_building_12, -5875.146, -722.7653, 4.540994, 1.707042, 1.257363, 0.1
Building: au_building_15, -4434.695, -912.1682, 4.400428, 1.633619, -0.7666135, 0.1
Building: au_building_6, 4766.459, 153.0985, 7.719477, 0.7883109, 0.8388286, 0.1
Smoke: 0, -962.9231, 0.6153846, 3, 0.1, 0, True
SmokeGradient: 0, -976.9231, 0.7153847
Smoke: 0, -939.8461, 1.230769, 3, 0.1, 0, True
SmokeGradient: 0, -953.8461, 1.330769
Smoke: 0, -916.7692, 1.846154, 3, 0.1, 0, True
SmokeGradient: 0, -930.7692, 1.946154
Smoke: 0, -893.6923, 2.461539, 3, 0.1, 0, True
SmokeGradient: 0, -907.6923, 2.561538
Smoke: 0, -870.6154, 3.076923, 3, 0.1, 0, True
SmokeGradient: 0, -884.6154, 3.176923
Smoke: 0, -847.5385, 3.692308, 3, 0.1, 0, True
SmokeGradient: 0, -861.5385, 3.792308
Smoke: 0, -824.4615, 4.307693, 3, 0.1, 0, True
SmokeGradient: 0, -838.4615, 4.407692
Smoke: 0, -801.3846, 4.923077, 3, 0.1, 0, True
SmokeGradient: 0, -815.3846, 5.023077
Smoke: 0, -778.3077, 5.538462, 3, 0.1, 0, True
SmokeGradient: 0, -792.3077, 5.638462
Smoke: 0, -755.2308, 6.153846, 3, 0.1, 0, True
SmokeGradient: 0, -769.2308, 6.253846
Smoke: 0, -732.1539, 6.769231, 3, 0.1, 0, True
SmokeGradient: 0, -746.1539, 6.869231
Smoke: 0, -709.0769, 7.384615, 3, 0.1, 0, True
SmokeGradient: 0, -723.0769, 7.484615
Smoke: 0, -1440, 9, 2.5, 0.1, 0.8, False
SmokeGradient: 0, -200, 1